{
 "cells": [
  {
   "cell_type": "code",
   "execution_count": 1,
   "metadata": {},
   "outputs": [],
   "source": [
    "import numpy as np"
   ]
  },
  {
   "cell_type": "markdown",
   "metadata": {},
   "source": [
    "**Загружаем данные**"
   ]
  },
  {
   "cell_type": "code",
   "execution_count": 67,
   "metadata": {},
   "outputs": [],
   "source": [
    "float_formatter = \"{:.2f}\".format\n",
    "np.set_printoptions(formatter={'float_kind': float_formatter})"
   ]
  },
  {
   "cell_type": "code",
   "execution_count": 61,
   "metadata": {},
   "outputs": [],
   "source": [
    "data = np.genfromtxt('data/data.csv', delimiter=',', skip_header=True)"
   ]
  },
  {
   "cell_type": "code",
   "execution_count": 68,
   "metadata": {},
   "outputs": [
    {
     "data": {
      "text/plain": [
       "array([[2016.00, 1.00, 1.00, ..., 11.65, 69.99, 1.00],\n",
       "       [2016.00, 1.00, 1.00, ..., 8.00, 54.30, 1.00],\n",
       "       [2016.00, 1.00, 1.00, ..., 0.00, 37.80, 2.00],\n",
       "       ...,\n",
       "       [2016.00, 6.00, 30.00, ..., 5.00, 63.34, 1.00],\n",
       "       [2016.00, 6.00, 30.00, ..., 8.95, 44.75, 1.00],\n",
       "       [2016.00, 6.00, 30.00, ..., 0.00, 54.84, 2.00]])"
      ]
     },
     "execution_count": 68,
     "metadata": {},
     "output_type": "execute_result"
    }
   ],
   "source": [
    "data"
   ]
  },
  {
   "cell_type": "code",
   "execution_count": 69,
   "metadata": {},
   "outputs": [
    {
     "data": {
      "text/plain": [
       "(89560, 15)"
      ]
     },
     "execution_count": 69,
     "metadata": {},
     "output_type": "execute_result"
    }
   ],
   "source": [
    "data.shape"
   ]
  },
  {
   "cell_type": "markdown",
   "metadata": {},
   "source": [
    "**Посчитаем среднюю скорость такси**"
   ]
  },
  {
   "cell_type": "code",
   "execution_count": 72,
   "metadata": {},
   "outputs": [
    {
     "data": {
      "text/plain": [
       "32.24258580925573"
      ]
     },
     "execution_count": 72,
     "metadata": {},
     "output_type": "execute_result"
    }
   ],
   "source": [
    "speed_arr = data[:, 7] / (data[:, 8]/3600)\n",
    "speed_arr.mean()"
   ]
  },
  {
   "cell_type": "markdown",
   "metadata": {},
   "source": [
    "**Посчитаем количество поездок в Феврале**"
   ]
  },
  {
   "cell_type": "code",
   "execution_count": 75,
   "metadata": {},
   "outputs": [
    {
     "data": {
      "text/plain": [
       "13333"
      ]
     },
     "execution_count": 75,
     "metadata": {},
     "output_type": "execute_result"
    }
   ],
   "source": [
    "data[data[:, 1] == 2].shape[0]"
   ]
  },
  {
   "cell_type": "markdown",
   "metadata": {},
   "source": [
    "**Посчитаем количество поездок с чаевыми более 50 долларов**"
   ]
  },
  {
   "cell_type": "code",
   "execution_count": 76,
   "metadata": {},
   "outputs": [
    {
     "data": {
      "text/plain": [
       "16"
      ]
     },
     "execution_count": 76,
     "metadata": {},
     "output_type": "execute_result"
    }
   ],
   "source": [
    "data[data[:, -3] > 50].shape[0]"
   ]
  },
  {
   "cell_type": "code",
   "execution_count": 85,
   "metadata": {},
   "outputs": [
    {
     "data": {
      "text/plain": [
       "array([[2016.00, 1.00, 1.00, 5.00, 0.00, 4.00, 2.00, 21.45, 2004.00,\n",
       "        52.00, 0.80, 0.00, 52.80, 105.60, 1.00],\n",
       "       [2016.00, 1.00, 11.00, 1.00, 0.00, 3.00, 4.00, 9.20, 1041.00,\n",
       "        27.00, 1.30, 5.54, 60.00, 93.84, 1.00],\n",
       "       [2016.00, 1.00, 27.00, 3.00, 5.00, 2.00, 0.00, 19.80, 1671.00,\n",
       "        52.50, 1.30, 5.54, 59.34, 118.68, 1.00],\n",
       "       [2016.00, 2.00, 19.00, 5.00, 2.00, 4.00, 2.00, 18.42, 2968.00,\n",
       "        52.00, 0.80, 5.54, 80.00, 138.34, 1.00],\n",
       "       [2016.00, 3.00, 9.00, 3.00, 4.00, 3.00, 6.00, 0.49, 158.00, 3.50,\n",
       "        1.80, 0.00, 70.00, 75.30, 1.00],\n",
       "       [2016.00, 3.00, 17.00, 4.00, 1.00, 2.00, 2.00, 2.70, 381.00, 9.50,\n",
       "        0.80, 0.00, 60.00, 70.30, 1.00],\n",
       "       [2016.00, 3.00, 29.00, 2.00, 2.00, 3.00, 4.00, 9.54, 1210.00,\n",
       "        27.50, 0.80, 5.54, 55.00, 88.84, 1.00],\n",
       "       [2016.00, 4.00, 29.00, 5.00, 3.00, 2.00, 4.00, 17.60, 3251.00,\n",
       "        52.00, 0.80, 5.54, 65.00, 123.34, 1.00],\n",
       "       [2016.00, 5.00, 16.00, 1.00, 3.00, 4.00, 2.00, 38.20, 9252.00,\n",
       "        52.00, 0.80, 5.54, 80.00, 138.34, 1.00],\n",
       "       [2016.00, 5.00, 23.00, 1.00, 3.00, 4.00, 2.00, 18.00, 2276.00,\n",
       "        0.01, 0.30, 5.54, 62.00, 67.85, 1.00],\n",
       "       [2016.00, 6.00, 5.00, 7.00, 4.00, 2.00, 0.00, 26.21, 17029.00,\n",
       "        180.50, 0.80, 5.54, 100.00, 286.84, 1.00],\n",
       "       [2016.00, 6.00, 6.00, 1.00, 1.00, 2.00, 2.00, 0.00, 24.00, 2.50,\n",
       "        0.80, 0.00, 58.00, 61.30, 1.00],\n",
       "       [2016.00, 6.00, 7.00, 2.00, 3.00, 2.00, 1.00, 18.21, 3160.00,\n",
       "        55.50, 0.80, 0.00, 62.00, 118.30, 1.00],\n",
       "       [2016.00, 6.00, 7.00, 2.00, 4.00, 2.00, 2.00, 0.00, 3.00, 2.50,\n",
       "        1.80, 0.00, 75.70, 80.00, 1.00],\n",
       "       [2016.00, 6.00, 20.00, 1.00, 3.00, 2.00, 4.00, 18.68, 5247.00,\n",
       "        52.00, 0.80, 5.54, 60.00, 118.34, 1.00],\n",
       "       [2016.00, 6.00, 23.00, 4.00, 3.00, 4.00, 2.00, 18.17, 5860.00,\n",
       "        52.00, 0.80, 5.54, 70.00, 128.34, 1.00]])"
      ]
     },
     "execution_count": 85,
     "metadata": {},
     "output_type": "execute_result"
    }
   ],
   "source": [
    "data[~np.isnan(np.where(data[:, -3] > 50, data[:, -3], np.nan))]"
   ]
  },
  {
   "cell_type": "markdown",
   "metadata": {},
   "source": [
    "**Оценим взаимосвязи между переменными**"
   ]
  },
  {
   "cell_type": "code",
   "execution_count": 87,
   "metadata": {},
   "outputs": [
    {
     "data": {
      "text/plain": [
       "array([[0.00, 0.00, 0.00, 0.00, 0.00, 0.00, 0.00, 0.00, 0.00, 0.00, 0.00,\n",
       "        0.00, 0.00, 0.00, 0.00],\n",
       "       [0.00, 2.86, -0.11, -0.03, -0.03, 0.02, -0.01, -0.04, 203.37,\n",
       "        0.44, 0.09, 0.03, -0.06, 0.51, 0.01],\n",
       "       [0.00, -0.11, 75.59, -0.15, -0.05, 0.05, -0.02, -0.16, 259.87,\n",
       "        0.29, 0.00, 0.09, -0.20, 0.18, 0.03],\n",
       "       [0.00, -0.03, -0.15, 4.01, 0.17, 0.00, -0.08, 0.34, -108.82, 0.37,\n",
       "        -0.25, -0.22, -0.30, -0.40, 0.03],\n",
       "       [0.00, -0.03, -0.05, 0.17, 1.97, -0.22, 0.16, -0.08, -15.72,\n",
       "        -0.40, 0.35, -0.25, -0.09, -0.40, 0.01],\n",
       "       [0.00, 0.02, 0.05, 0.00, -0.22, 0.68, -0.28, -0.95, -83.91, -2.12,\n",
       "        -0.06, 0.52, 0.24, -1.42, -0.05],\n",
       "       [0.00, -0.01, -0.02, -0.08, 0.16, -0.28, 1.91, -1.66, -217.96,\n",
       "        -4.83, 0.00, 0.23, -0.67, -5.27, 0.03],\n",
       "       [0.00, -0.04, -0.16, 0.34, -0.08, -0.95, -1.66, 26.71, 3413.20,\n",
       "        58.19, 0.54, 2.80, 6.67, 68.19, -0.11],\n",
       "       [0.00, 203.37, 259.87, -108.82, -15.72, -83.91, -217.96, 3413.20,\n",
       "        10489667.24, 9710.11, 168.12, 543.12, 924.20, 11345.40, -14.94],\n",
       "       [0.00, 0.44, 0.29, 0.37, -0.40, -2.12, -4.83, 58.19, 9710.11,\n",
       "        166.19, 1.38, 7.45, 19.58, 194.60, -0.43],\n",
       "       [0.00, 0.09, 0.00, -0.25, 0.35, -0.06, 0.00, 0.54, 168.12, 1.38,\n",
       "        0.89, 0.03, 0.14, 2.44, 0.01],\n",
       "       [0.00, 0.03, 0.09, -0.22, -0.25, 0.52, 0.23, 2.80, 543.12, 7.45,\n",
       "        0.03, 16.87, 2.72, 27.08, -0.18],\n",
       "       [0.00, -0.06, -0.20, -0.30, -0.09, 0.24, -0.67, 6.67, 924.20,\n",
       "        19.58, 0.14, 2.72, 23.35, 45.80, -1.69],\n",
       "       [0.00, 0.51, 0.18, -0.40, -0.40, -1.42, -5.27, 68.19, 11345.40,\n",
       "        194.60, 2.44, 27.08, 45.80, 269.92, -2.29],\n",
       "       [0.00, 0.01, 0.03, 0.03, 0.01, -0.05, 0.03, -0.11, -14.94, -0.43,\n",
       "        0.01, -0.18, -1.69, -2.29, 0.23]])"
      ]
     },
     "execution_count": 87,
     "metadata": {},
     "output_type": "execute_result"
    }
   ],
   "source": [
    "np.cov(data, rowvar=False)"
   ]
  },
  {
   "cell_type": "code",
   "execution_count": 92,
   "metadata": {},
   "outputs": [
    {
     "data": {
      "text/plain": [
       "array([[26.71, 3413.20, 68.19, 6.67],\n",
       "       [3413.20, 10489667.24, 11345.40, 924.20],\n",
       "       [68.19, 11345.40, 269.92, 45.80],\n",
       "       [6.67, 924.20, 45.80, 23.35]])"
      ]
     },
     "execution_count": 92,
     "metadata": {},
     "output_type": "execute_result"
    }
   ],
   "source": [
    "np.cov(data[:, [7, 8, -2, -3]].T)"
   ]
  }
 ],
 "metadata": {
  "kernelspec": {
   "display_name": "Python 3.9.6 64-bit",
   "language": "python",
   "name": "python3"
  },
  "language_info": {
   "codemirror_mode": {
    "name": "ipython",
    "version": 3
   },
   "file_extension": ".py",
   "mimetype": "text/x-python",
   "name": "python",
   "nbconvert_exporter": "python",
   "pygments_lexer": "ipython3",
   "version": "3.9.6"
  },
  "orig_nbformat": 4,
  "vscode": {
   "interpreter": {
    "hash": "cf92aa13fedf815d5c8dd192b8d835913fde3e8bc926b2a0ad6cc74ef2ba3ca2"
   }
  }
 },
 "nbformat": 4,
 "nbformat_minor": 2
}
